{
 "cells": [
  {
   "cell_type": "markdown",
   "id": "db0350f8",
   "metadata": {},
   "source": [
    "# Caso 2: Incorporación de recarga\n",
    "Poner lo mismo q en el notebook del caso 1  + nuevos conjutnos f.o y restriccioens"
   ]
  },
  {
   "cell_type": "code",
   "execution_count": null,
   "id": "13a54caf",
   "metadata": {},
   "outputs": [
    {
     "name": "stdout",
     "output_type": "stream",
     "text": [
      "[[0.0, 9717.59469494261, 228557.19274950665, 300247.07645378454, 641492.5513023542, 393218.77004431724, 286464.9613420729, 170668.00043825258, 718614.212324027, 124338.33830178047, 155143.76714018214, 234826.970584616, 691944.6306957034, 88557.02396143429, 171069.55689628245, 691605.5901606007, 643322.2793569304, 718613.1369230595, 287210.3595408545, 16513.82191428154, 228939.59569422406, 300950.4261701461, 338760.0337031762, 441445.4388320872, 211287.5457389888, 149496.7431391009, 157561.6973882787], [9717.59469494261, 0.0, 237376.6226540019, 306593.67487750476, 647074.5318750839, 392305.2511294669, 286319.88781868934, 179878.0521662026, 722310.422968935, 132202.54744597746, 164770.7812172083, 236747.78807155043, 696455.7078086437, 80024.17827028951, 179605.1470567743, 696137.7104168094, 648947.3589372362, 722309.4023501019, 287064.02019560407, 9629.372396346382, 237823.61709166254, 307210.80727674754, 343246.5548667784, 447313.15251536877, 220495.5252345285, 155436.04480908747, 154429.08070973275], [228557.19274950665, 237376.6226540019, 0.0, 327751.825587086, 457881.14664551755, 384163.62810537143, 286425.7586125827, 160203.91346016695, 571838.000773382, 203814.7276447073, 130772.73477721121, 367846.24427132204, 528720.9555475828, 317085.7386187111, 190418.32563568023, 527949.7943527966, 458783.7078680989, 571835.7790774696, 286952.3376687808, 244989.2640958218, 3777.9588892923807, 330647.4160146757, 211610.7901803871, 262600.3461849445, 166890.0207362905, 248349.04295236338, 266396.91614307964], [300247.07645378454, 306593.67487750476, 327751.825587086, 0.0, 776195.2973063412, 663729.9417909449, 554323.9039036444, 176770.599016684, 899068.4356559258, 180987.11942390876, 211697.15315473647, 151530.8364299387, 853476.2625735375, 331627.5611150509, 152486.49086863044, 852604.1155504049, 776579.3060368786, 899066.1134603232, 555034.413547516, 303223.42478511005, 324588.6569437874, 3600.5750855831006, 533679.1278206205, 588020.7252491178, 160861.94982631327, 151424.6599897186, 451784.729160643], [641492.5513023542, 647074.5318750839, 457881.14664551755, 776195.2973063412, 0.0, 428993.04253707745, 445149.4669683642, 617811.3090970074, 168642.96944660507, 658829.8761668555, 588455.7855096527, 824498.1120578791, 99566.76586325443, 720718.3297198088, 648141.940668044, 97976.15200552205, 3956.398858405111, 168638.72320263484, 444787.1420490856, 656606.6710471016, 460268.7465365753, 779429.725265986, 309517.9724462068, 200853.51288305223, 618774.2134640965, 704617.3594252577, 566472.3153613171], [393218.77004431724, 392305.2511294669, 384163.62810537143, 663729.9417909449, 428993.04253707745, 0.0, 109643.48335935992, 490805.7803042785, 415143.474812262, 487050.0216362861, 456647.08964762924, 627661.2118174223, 423016.32103622897, 432842.979729878, 511698.3022217679, 423592.4054977318, 432558.27887763944, 415144.46453177417, 108918.67759042986, 400513.4220439452, 387889.6654462743, 665553.1335095363, 213474.93138530175, 307271.4593976118, 519463.45236848097, 527883.1183103038, 243760.0759928661], [286464.9613420729, 286319.88781868934, 286425.7586125827, 554323.9039036444, 445149.4669683642, 109643.48335935992, 0.0, 382253.36658837623, 470940.7397025603, 377412.23303802876, 348414.5450610638, 519900.1964256171, 463125.6561570937, 333943.43321485573, 402504.9989341178, 463313.3667971101, 448184.20552311064, 470940.7731396473, 745.8078790413847, 294925.75532191334, 290018.1095177511, 556111.4981328883, 162461.79864555405, 280836.944506735, 412097.92053535266, 418434.3559490982, 146149.58850391902], [170668.00043825258, 179878.0521662026, 160203.91346016695, 176770.599016684, 617811.3090970074, 490805.7803042785, 382253.36658837623, 0.0, 730106.7974184674, 65263.8202720766, 34947.8336452452, 212058.88172907947, 688582.9955521236, 240637.8874782175, 30406.110373289863, 687838.2461743599, 618641.6859513897, 730104.7282038576, 382941.2301901601, 181650.29357059146, 157656.24161911767, 179132.97614373828, 358400.5475727047, 422575.76518128545, 40620.009550026916, 97506.2408095531, 297037.28207336256], [718614.212324027, 722310.422968935, 571838.000773382, 899068.4356559258, 168642.96944660507, 415143.474812262, 470940.7397025603, 730106.7974184674, 0.0, 760834.7229860644, 697639.2937058675, 925713.082230182, 70385.9640850339, 787627.8618159967, 759529.9505039821, 72094.79513873531, 171310.12709286722, 4.505806156114158, 470368.8441344173, 731910.6285414293, 574859.0282797256, 902053.1203140289, 382063.4072540085, 312057.92123447947, 738413.3715656567, 807377.0670500505, 611711.0083434924], [124338.33830178047, 132202.54744597746, 203814.7276447073, 180987.11942390876, 658829.8761668555, 487050.0216362861, 377412.23303802876, 65263.8202720766, 760834.7229860644, 0.0, 76491.72798029805, 165948.70462028726, 723852.9623412247, 181235.35286274072, 50914.76895902568, 723231.7170699651, 659964.7060638263, 760832.9696604795, 378139.19547773193, 131290.26936642206, 202100.37095907773, 182225.5223845579, 381517.07863847347, 459900.23679330735, 100958.61046728378, 46542.655552474906, 270969.5352511926], [155143.76714018214, 164770.7812172083, 130772.73477721121, 211697.15315473647, 588455.7855096527, 456647.08964762924, 348414.5450610638, 34947.8336452452, 697639.2937058675, 76491.72798029805, 0.0, 237300.5014740498, 657296.5037413953, 233213.14011456334, 62151.75732523819, 656588.1688503989, 589408.0858902447, 697637.2975037517, 349095.32838868414, 168246.58194064326, 128618.9881470952, 214039.02100918093, 324200.5554007573, 391662.08871503815, 65976.73335697771, 118436.8594754568, 268815.9344097584], [234826.970584616, 236747.78807155043, 367846.24427132204, 151530.8364299387, 824498.1120578791, 627661.2118174223, 519900.1964256171, 212058.88172907947, 925713.082230182, 165948.70462028726, 237300.5014740498, 0.0, 889668.304368002, 225739.70638710543, 182282.89399929676, 889060.1320113835, 825580.9670002692, 925711.422678432, 520645.59852885554, 229427.65465903448, 365817.5276503455, 149266.01417407373, 544909.9974691188, 625835.9785492999, 226307.89241463217, 119882.43610252172, 390881.6933682479], [691944.6306957034, 696455.7078086437, 528720.9555475828, 853476.2625735375, 99566.76586325443, 423016.32103622897, 463125.6561570937, 688582.9955521236, 70385.9640850339, 723852.9623412247, 657296.5037413953, 889668.304368002, 0.0, 765640.9552053614, 718519.4476589315, 1726.086546765474, 101937.83155429826, 70381.54210718472, 462631.80499226606, 706084.1282187665, 531498.0830639813, 856578.8463791803, 353213.4584665648, 266132.63339437655, 693754.4463725849, 770265.5373357912, 597553.0830412654], [88557.02396143429, 80024.17827028951, 317085.7386187111, 331627.5611150509, 720718.3297198088, 432842.979729878, 333943.43321485573, 240637.8874782175, 787627.8618159967, 181235.35286274072, 233213.14011456334, 225739.70638710543, 765640.9552053614, 0.0, 232135.60190112304, 765416.8716065894, 722748.0955860284, 787627.1126352308, 334661.16373795667, 72097.54076359667, 317428.15408240806, 331385.95277555997, 413551.67439564026, 522303.1514517749, 280056.7091346433, 185499.6047323988, 189351.545845414], [171069.55689628245, 179605.1470567743, 190418.32563568023, 152486.49086863044, 648141.940668044, 511698.3022217679, 402504.9989341178, 30406.110373289863, 759529.9505039821, 50914.76895902568, 62151.75732523819, 182282.89399929676, 718519.4476589315, 232135.60190112304, 0.0, 717786.4609472264, 648984.8470422061, 759527.9227121678, 403208.36329592054, 179761.80965131675, 187921.9841705115, 154537.74829211313, 386207.884343331, 452598.12122757186, 52677.64706206104, 71101.95800482645, 308655.82424494345], [691605.5901606007, 696137.7104168094, 527949.7943527966, 852604.1155504049, 97976.15200552205, 423592.4054977318, 463313.3667971101, 687838.2461743599, 72094.79513873531, 723231.7170699651, 656588.1688503989, 889060.1320113835, 1726.086546765474, 765416.8716065894, 717786.4609472264, 0.0, 100326.72834870334, 72090.37022983108, 462821.5919941893, 705765.7742174786, 530719.4436313055, 855709.8907468598, 352891.586282644, 265353.3500939094, 692919.9945303357, 769636.6706805197, 597551.9799558925], [643322.2793569304, 648947.3589372362, 458783.7078680989, 776579.3060368786, 3956.398858405111, 432558.27887763944, 448184.20552311064, 618641.6859513897, 171310.12709286722, 659964.7060638263, 589408.0858902447, 825580.9670002692, 101937.83155429826, 722748.0955860284, 648984.8470422061, 100326.72834870334, 0.0, 171305.85556136305, 447825.59239102027, 658472.0571147412, 461146.64035798336, 779821.7183774023, 311864.374855786, 202440.37374706435, 619348.5956212219, 705704.8895770689, 569055.4073753422], [718613.1369230595, 722309.4023501019, 571835.7790774696, 899066.1134603232, 168638.72320263484, 415144.46453177417, 470940.7731396473, 730104.7282038576, 4.505806156114158, 760832.9696604795, 697637.2975037517, 925711.422678432, 70381.54210718472, 787627.1126352308, 759527.9227121678, 72090.37022983108, 171305.85556136305, 0.0, 470368.88215851376, 731909.6124532031, 574856.7910698948, 902050.8067881522, 382062.01210012916, 312055.3526590911, 738411.0882449733, 807375.3146279124, 611710.7117177937], [287210.3595408545, 287064.02019560407, 286952.3376687808, 555034.413547516, 444787.1420490856, 108918.67759042986, 745.8078790413847, 382941.2301901601, 470368.8441344173, 378139.19547773193, 349095.32838868414, 520645.59852885554, 462631.80499226606, 334661.16373795667, 403208.36329592054, 462821.5919941893, 447825.59239102027, 470368.88215851376, 0.0, 295669.06334821583, 290546.82031582674, 556823.2734812658, 162437.58717919065, 280704.6122117267, 412764.1227668727, 419169.4152772124, 146840.96892913655], [16513.82191428154, 9629.372396346382, 244989.2640958218, 303223.42478511005, 656606.6710471016, 400513.4220439452, 294925.75532191334, 181650.29357059146, 731910.6285414293, 131290.26936642206, 168246.58194064326, 229427.65465903448, 706084.1282187665, 72097.54076359667, 179761.80965131675, 705765.7742174786, 658472.0571147412, 731909.6124532031, 295669.06334821583, 0.0, 245343.53300358367, 303735.643224664, 352874.4552905397, 456786.4527610681, 222200.72982998774, 151823.07719827662, 161459.7454655131], [228939.59569422406, 237823.61709166254, 3777.9588892923807, 324588.6569437874, 460268.7465365753, 387889.6654462743, 290018.1095177511, 157656.24161911767, 574859.0282797256, 202100.37095907773, 128618.9881470952, 365817.5276503455, 531498.0830639813, 317428.15408240806, 187921.9841705115, 530719.4436313055, 461146.64035798336, 574856.7910698948, 290546.82031582674, 245343.53300358367, 0.0, 327497.7560607156, 215246.37544237607, 265366.3762812418, 163735.18765360647, 246429.8798735585, 268913.0296925299], [300950.4261701461, 307210.80727674754, 330647.4160146757, 3600.5750855831006, 779429.725265986, 665553.1335095363, 556111.4981328883, 179132.97614373828, 902053.1203140289, 182225.5223845579, 214039.02100918093, 149266.01417407373, 856578.8463791803, 331385.95277555997, 154537.74829211313, 855709.8907468598, 779821.7183774023, 902050.8067881522, 556823.2734812658, 303735.643224664, 327497.7560607156, 0.0, 536303.678231341, 591074.2202445122, 163762.63891055092, 151912.68905564674, 452889.33420102595], [338760.0337031762, 343246.5548667784, 211610.7901803871, 533679.1278206205, 309517.9724462068, 213474.93138530175, 162461.79864555405, 358400.5475727047, 382063.4072540085, 381517.07863847347, 324200.5554007573, 544909.9974691188, 353213.4584665648, 413551.67439564026, 386207.884343331, 352891.586282644, 311864.374855786, 382062.01210012916, 162437.58717919065, 352874.4552905397, 215246.37544237607, 536303.678231341, 0.0, 122347.40734024697, 374351.65563414287, 427896.3788441601, 259072.31700975183], [441445.4388320872, 447313.15251536877, 262600.3461849445, 588020.7252491178, 200853.51288305223, 307271.4593976118, 280836.944506735, 422575.76518128545, 312057.92123447947, 459900.23679330735, 391662.08871503815, 625835.9785492999, 266132.63339437655, 522303.1514517749, 452598.12122757186, 265353.3500939094, 202440.37374706435, 312055.3526590911, 280704.6122117267, 456786.4527610681, 265366.3762812418, 591074.2202445122, 122347.40734024697, 0.0, 427876.04126710905, 506051.5930974764, 379702.13916248636], [211287.5457389888, 220495.5252345285, 166890.0207362905, 160861.94982631327, 618774.2134640965, 519463.45236848097, 412097.92053535266, 40620.009550026916, 738413.3715656567, 100958.61046728378, 65976.73335697771, 226307.89241463217, 693754.4463725849, 280056.7091346433, 52677.64706206104, 692919.9945303357, 619348.5956212219, 738411.0882449733, 412764.1227668727, 222200.72982998774, 163735.18765360647, 163762.63891055092, 374351.65563414287, 427876.04126710905, 0.0, 122758.88432110082, 334440.8901219977], [149496.7431391009, 155436.04480908747, 248349.04295236338, 151424.6599897186, 704617.3594252577, 527883.1183103038, 418434.3559490982, 97506.2408095531, 807377.0670500505, 46542.655552474906, 118436.8594754568, 119882.43610252172, 770265.5373357912, 185499.6047323988, 71101.95800482645, 769636.6706805197, 705704.8895770689, 807375.3146279124, 419169.4152772124, 151823.07719827662, 246429.8798735585, 151912.68905564674, 427896.3788441601, 506051.5930974764, 122758.88432110082, 0.0, 304171.69738551514], [157561.6973882787, 154429.08070973275, 266396.91614307964, 451784.729160643, 566472.3153613171, 243760.0759928661, 146149.58850391902, 297037.28207336256, 611711.0083434924, 270969.5352511926, 268815.9344097584, 390881.6933682479, 597553.0830412654, 189351.545845414, 308655.82424494345, 597551.9799558925, 569055.4073753422, 611710.7117177937, 146840.96892913655, 161459.7454655131, 268913.0296925299, 452889.33420102595, 259072.31700975183, 379702.13916248636, 334440.8901219977, 304171.69738551514, 0.0]]\n",
      "[[0.0, 9.71759469494261, 228.55719274950664, 300.24707645378453, 641.4925513023542, 393.21877004431724, 286.46496134207285, 170.6680004382526, 718.614212324027, 124.33833830178047, 155.14376714018215, 234.826970584616, 691.9446306957034, 88.55702396143428, 171.06955689628245, 691.6055901606007, 643.3222793569304, 718.6131369230595, 287.21035954085454, 16.51382191428154, 228.93959569422407, 300.9504261701461, 338.7600337031762, 441.44543883208723, 211.2875457389888, 149.49674313910091, 157.5616973882787], [9.71759469494261, 0.0, 237.3766226540019, 306.5936748775048, 647.074531875084, 392.3052511294669, 286.3198878186893, 179.8780521662026, 722.310422968935, 132.20254744597744, 164.7707812172083, 236.74778807155042, 696.4557078086438, 80.02417827028951, 179.60514705677429, 696.1377104168095, 648.9473589372362, 722.3094023501019, 287.0640201956041, 9.629372396346382, 237.82361709166253, 307.2108072767475, 343.24655486677835, 447.31315251536876, 220.4955252345285, 155.43604480908746, 154.42908070973274], [228.55719274950664, 237.3766226540019, 0.0, 327.751825587086, 457.88114664551756, 384.16362810537146, 286.4257586125827, 160.20391346016694, 571.8380007733821, 203.81472764470732, 130.7727347772112, 367.84624427132206, 528.7209555475828, 317.0857386187111, 190.41832563568022, 527.9497943527966, 458.78370786809893, 571.8357790774696, 286.95233766878084, 244.9892640958218, 3.7779588892923806, 330.6474160146757, 211.61079018038708, 262.6003461849445, 166.8900207362905, 248.3490429523634, 266.39691614307964], [300.24707645378453, 306.5936748775048, 327.751825587086, 0.0, 776.1952973063412, 663.7299417909448, 554.3239039036445, 176.770599016684, 899.0684356559258, 180.98711942390875, 211.69715315473647, 151.53083642993872, 853.4762625735375, 331.6275611150509, 152.48649086863045, 852.6041155504049, 776.5793060368786, 899.0661134603232, 555.034413547516, 303.22342478511007, 324.5886569437874, 3.6005750855831007, 533.6791278206206, 588.0207252491178, 160.86194982631326, 151.4246599897186, 451.784729160643], [641.4925513023542, 647.074531875084, 457.88114664551756, 776.1952973063412, 0.0, 428.99304253707743, 445.1494669683642, 617.8113090970074, 168.64296944660506, 658.8298761668555, 588.4557855096527, 824.4981120578791, 99.56676586325443, 720.7183297198088, 648.1419406680441, 97.97615200552205, 3.9563988584051106, 168.63872320263482, 444.78714204908556, 656.6066710471016, 460.2687465365753, 779.429725265986, 309.5179724462068, 200.85351288305222, 618.7742134640965, 704.6173594252576, 566.4723153613171], [393.21877004431724, 392.3052511294669, 384.16362810537146, 663.7299417909448, 428.99304253707743, 0.0, 109.64348335935992, 490.80578030427847, 415.143474812262, 487.0500216362861, 456.64708964762923, 627.6612118174223, 423.016321036229, 432.84297972987804, 511.6983022217679, 423.5924054977318, 432.55827887763945, 415.1444645317742, 108.91867759042985, 400.5134220439452, 387.88966544627425, 665.5531335095362, 213.47493138530174, 307.2714593976118, 519.463452368481, 527.8831183103038, 243.7600759928661], [286.46496134207285, 286.3198878186893, 286.4257586125827, 554.3239039036445, 445.1494669683642, 109.64348335935992, 0.0, 382.25336658837625, 470.9407397025603, 377.4122330380288, 348.4145450610638, 519.9001964256171, 463.1256561570937, 333.94343321485576, 402.5049989341178, 463.3133667971101, 448.1842055231106, 470.9407731396473, 0.7458078790413847, 294.92575532191336, 290.0181095177511, 556.1114981328883, 162.46179864555404, 280.836944506735, 412.09792053535267, 418.4343559490982, 146.149588503919], [170.6680004382526, 179.8780521662026, 160.20391346016694, 176.770599016684, 617.8113090970074, 490.80578030427847, 382.25336658837625, 0.0, 730.1067974184673, 65.2638202720766, 34.9478336452452, 212.05888172907947, 688.5829955521236, 240.63788747821752, 30.406110373289863, 687.8382461743599, 618.6416859513897, 730.1047282038576, 382.9412301901601, 181.65029357059146, 157.65624161911768, 179.1329761437383, 358.4005475727047, 422.5757651812854, 40.620009550026914, 97.5062408095531, 297.0372820733626], [718.614212324027, 722.310422968935, 571.8380007733821, 899.0684356559258, 168.64296944660506, 415.143474812262, 470.9407397025603, 730.1067974184673, 0.0, 760.8347229860644, 697.6392937058674, 925.7130822301821, 70.3859640850339, 787.6278618159967, 759.5299505039821, 72.09479513873531, 171.31012709286722, 0.004505806156114157, 470.3688441344173, 731.9106285414293, 574.8590282797255, 902.0531203140289, 382.0634072540085, 312.05792123447947, 738.4133715656567, 807.3770670500505, 611.7110083434924], [124.33833830178047, 132.20254744597744, 203.81472764470732, 180.98711942390875, 658.8298761668555, 487.0500216362861, 377.4122330380288, 65.2638202720766, 760.8347229860644, 0.0, 76.49172798029805, 165.94870462028726, 723.8529623412246, 181.2353528627407, 50.91476895902568, 723.231717069965, 659.9647060638264, 760.8329696604794, 378.13919547773196, 131.29026936642205, 202.10037095907774, 182.2255223845579, 381.5170786384735, 459.90023679330733, 100.95861046728378, 46.542655552474905, 270.96953525119255], [155.14376714018215, 164.7707812172083, 130.7727347772112, 211.69715315473647, 588.4557855096527, 456.64708964762923, 348.4145450610638, 34.9478336452452, 697.6392937058674, 76.49172798029805, 0.0, 237.30050147404978, 657.2965037413953, 233.21314011456334, 62.151757325238194, 656.5881688503988, 589.4080858902447, 697.6372975037517, 349.09532838868415, 168.24658194064327, 128.6189881470952, 214.0390210091809, 324.2005554007573, 391.6620887150381, 65.97673335697772, 118.4368594754568, 268.8159344097584], [234.826970584616, 236.74778807155042, 367.84624427132206, 151.53083642993872, 824.4981120578791, 627.6612118174223, 519.9001964256171, 212.05888172907947, 925.7130822301821, 165.94870462028726, 237.30050147404978, 0.0, 889.6683043680019, 225.73970638710543, 182.28289399929676, 889.0601320113835, 825.5809670002692, 925.711422678432, 520.6455985288555, 229.4276546590345, 365.81752765034554, 149.26601417407372, 544.9099974691188, 625.8359785492999, 226.30789241463216, 119.88243610252172, 390.8816933682479], [691.9446306957034, 696.4557078086438, 528.7209555475828, 853.4762625735375, 99.56676586325443, 423.016321036229, 463.1256561570937, 688.5829955521236, 70.3859640850339, 723.8529623412246, 657.2965037413953, 889.6683043680019, 0.0, 765.6409552053614, 718.5194476589315, 1.726086546765474, 101.93783155429826, 70.38154210718473, 462.63180499226604, 706.0841282187665, 531.4980830639813, 856.5788463791803, 353.2134584665648, 266.13263339437657, 693.7544463725849, 770.2655373357911, 597.5530830412654], [88.55702396143428, 80.02417827028951, 317.0857386187111, 331.6275611150509, 720.7183297198088, 432.84297972987804, 333.94343321485576, 240.63788747821752, 787.6278618159967, 181.2353528627407, 233.21314011456334, 225.73970638710543, 765.6409552053614, 0.0, 232.13560190112304, 765.4168716065894, 722.7480955860284, 787.6271126352308, 334.66116373795666, 72.09754076359667, 317.42815408240807, 331.38595277556, 413.55167439564025, 522.3031514517749, 280.0567091346433, 185.49960473239878, 189.351545845414], [171.06955689628245, 179.60514705677429, 190.41832563568022, 152.48649086863045, 648.1419406680441, 511.6983022217679, 402.5049989341178, 30.406110373289863, 759.5299505039821, 50.91476895902568, 62.151757325238194, 182.28289399929676, 718.5194476589315, 232.13560190112304, 0.0, 717.7864609472264, 648.9848470422061, 759.5279227121679, 403.20836329592055, 179.76180965131675, 187.9219841705115, 154.53774829211312, 386.207884343331, 452.5981212275719, 52.67764706206104, 71.10195800482644, 308.65582424494346], [691.6055901606007, 696.1377104168095, 527.9497943527966, 852.6041155504049, 97.97615200552205, 423.5924054977318, 463.3133667971101, 687.8382461743599, 72.09479513873531, 723.231717069965, 656.5881688503988, 889.0601320113835, 1.726086546765474, 765.4168716065894, 717.7864609472264, 0.0, 100.32672834870334, 72.09037022983108, 462.8215919941893, 705.7657742174786, 530.7194436313055, 855.7098907468599, 352.891586282644, 265.3533500939094, 692.9199945303357, 769.6366706805196, 597.5519799558925], [643.3222793569304, 648.9473589372362, 458.78370786809893, 776.5793060368786, 3.9563988584051106, 432.55827887763945, 448.1842055231106, 618.6416859513897, 171.31012709286722, 659.9647060638264, 589.4080858902447, 825.5809670002692, 101.93783155429826, 722.7480955860284, 648.9848470422061, 100.32672834870334, 0.0, 171.30585556136305, 447.8255923910203, 658.4720571147412, 461.14664035798336, 779.8217183774022, 311.86437485578597, 202.44037374706434, 619.3485956212219, 705.7048895770689, 569.0554073753422], [718.6131369230595, 722.3094023501019, 571.8357790774696, 899.0661134603232, 168.63872320263482, 415.1444645317742, 470.9407731396473, 730.1047282038576, 0.004505806156114157, 760.8329696604794, 697.6372975037517, 925.711422678432, 70.38154210718473, 787.6271126352308, 759.5279227121679, 72.09037022983108, 171.30585556136305, 0.0, 470.36888215851377, 731.9096124532031, 574.8567910698948, 902.0508067881522, 382.06201210012915, 312.0553526590911, 738.4110882449734, 807.3753146279123, 611.7107117177937], [287.21035954085454, 287.0640201956041, 286.95233766878084, 555.034413547516, 444.78714204908556, 108.91867759042985, 0.7458078790413847, 382.9412301901601, 470.3688441344173, 378.13919547773196, 349.09532838868415, 520.6455985288555, 462.63180499226604, 334.66116373795666, 403.20836329592055, 462.8215919941893, 447.8255923910203, 470.36888215851377, 0.0, 295.66906334821584, 290.5468203158267, 556.8232734812658, 162.43758717919064, 280.7046122117267, 412.7641227668727, 419.1694152772124, 146.84096892913655], [16.51382191428154, 9.629372396346382, 244.9892640958218, 303.22342478511007, 656.6066710471016, 400.5134220439452, 294.92575532191336, 181.65029357059146, 731.9106285414293, 131.29026936642205, 168.24658194064327, 229.4276546590345, 706.0841282187665, 72.09754076359667, 179.76180965131675, 705.7657742174786, 658.4720571147412, 731.9096124532031, 295.66906334821584, 0.0, 245.34353300358367, 303.735643224664, 352.8744552905397, 456.7864527610681, 222.20072982998775, 151.82307719827662, 161.4597454655131], [228.93959569422407, 237.82361709166253, 3.7779588892923806, 324.5886569437874, 460.2687465365753, 387.88966544627425, 290.0181095177511, 157.65624161911768, 574.8590282797255, 202.10037095907774, 128.6189881470952, 365.81752765034554, 531.4980830639813, 317.42815408240807, 187.9219841705115, 530.7194436313055, 461.14664035798336, 574.8567910698948, 290.5468203158267, 245.34353300358367, 0.0, 327.4977560607156, 215.24637544237606, 265.36637628124186, 163.73518765360646, 246.4298798735585, 268.9130296925299], [300.9504261701461, 307.2108072767475, 330.6474160146757, 3.6005750855831007, 779.429725265986, 665.5531335095362, 556.1114981328883, 179.1329761437383, 902.0531203140289, 182.2255223845579, 214.0390210091809, 149.26601417407372, 856.5788463791803, 331.38595277556, 154.53774829211312, 855.7098907468599, 779.8217183774022, 902.0508067881522, 556.8232734812658, 303.735643224664, 327.4977560607156, 0.0, 536.303678231341, 591.0742202445122, 163.76263891055092, 151.91268905564675, 452.889334201026], [338.7600337031762, 343.24655486677835, 211.61079018038708, 533.6791278206206, 309.5179724462068, 213.47493138530174, 162.46179864555404, 358.4005475727047, 382.0634072540085, 381.5170786384735, 324.2005554007573, 544.9099974691188, 353.2134584665648, 413.55167439564025, 386.207884343331, 352.891586282644, 311.86437485578597, 382.06201210012915, 162.43758717919064, 352.8744552905397, 215.24637544237606, 536.303678231341, 0.0, 122.34740734024696, 374.35165563414284, 427.8963788441601, 259.0723170097518], [441.44543883208723, 447.31315251536876, 262.6003461849445, 588.0207252491178, 200.85351288305222, 307.2714593976118, 280.836944506735, 422.5757651812854, 312.05792123447947, 459.90023679330733, 391.6620887150381, 625.8359785492999, 266.13263339437657, 522.3031514517749, 452.5981212275719, 265.3533500939094, 202.44037374706434, 312.0553526590911, 280.7046122117267, 456.7864527610681, 265.36637628124186, 591.0742202445122, 122.34740734024696, 0.0, 427.87604126710903, 506.0515930974764, 379.7021391624864], [211.2875457389888, 220.4955252345285, 166.8900207362905, 160.86194982631326, 618.7742134640965, 519.463452368481, 412.09792053535267, 40.620009550026914, 738.4133715656567, 100.95861046728378, 65.97673335697772, 226.30789241463216, 693.7544463725849, 280.0567091346433, 52.67764706206104, 692.9199945303357, 619.3485956212219, 738.4110882449734, 412.7641227668727, 222.20072982998775, 163.73518765360646, 163.76263891055092, 374.35165563414284, 427.87604126710903, 0.0, 122.75888432110082, 334.44089012199765], [149.49674313910091, 155.43604480908746, 248.3490429523634, 151.4246599897186, 704.6173594252576, 527.8831183103038, 418.4343559490982, 97.5062408095531, 807.3770670500505, 46.542655552474905, 118.4368594754568, 119.88243610252172, 770.2655373357911, 185.49960473239878, 71.10195800482644, 769.6366706805196, 705.7048895770689, 807.3753146279123, 419.1694152772124, 151.82307719827662, 246.4298798735585, 151.91268905564675, 427.8963788441601, 506.0515930974764, 122.75888432110082, 0.0, 304.17169738551513], [157.5616973882787, 154.42908070973274, 266.39691614307964, 451.784729160643, 566.4723153613171, 243.7600759928661, 146.149588503919, 297.0372820733626, 611.7110083434924, 270.96953525119255, 268.8159344097584, 390.8816933682479, 597.5530830412654, 189.351545845414, 308.65582424494346, 597.5519799558925, 569.0554073753422, 611.7107117177937, 146.84096892913655, 161.4597454655131, 268.9130296925299, 452.889334201026, 259.0723170097518, 379.7021391624864, 334.44089012199765, 304.17169738551513, 0.0]]\n"
     ]
    }
   ],
   "source": [
    "from geopy.distance import geodesic\n",
    "import pandas as pd\n",
    "from pyomo.environ import *\n",
    "from pyomo.opt import SolverFactory\n",
    "\n",
    "#----- procesamiento de datos/ encontrando las distancias entre todas las locations -----\n",
    "# https://geopy.readthedocs.io/en/stable/#module-geopy.distance \n",
    "\n",
    "clientes = pd.read_csv('Proyecto_C_Caso2/clients.csv')\n",
    "depositos = pd.read_csv('Proyecto_C_Caso2/depots.csv')\n",
    "estaciones = pd.read_csv('Proyecto_C_Caso2/stations.csv')\n",
    "vehiculos = pd.read_csv('Proyecto_C_Caso2/vehicles.csv')\n",
    "\n",
    "df = pd.read_csv('Proyecto_C_Caso2/locations_initial.csv')\n",
    "# tomamos  origen y las 15 localidades dadas en el enunciado\n",
    "df = df[df['LocationID'] < 16]\n",
    "\n",
    "df.to_csv('Proyecto_C_Caso2/locations.csv', index=False)\n",
    "\n",
    "for i in range(len(estaciones)):\n",
    "    data= {'LocationID': estaciones['LocationID'][i],\n",
    "            'Longitude': estaciones['Longitude'][i],\n",
    "            'Latitude': estaciones['Latitude'][i],}\n",
    "    data_f = pd.DataFrame([data])\n",
    "    # modo a es de append pa ir añadiendo y como ya tiene encabezados header se pone en False\n",
    "    data_f.to_csv('Proyecto_C_Caso2/locations.csv', mode='a', header=False, index=False)\n",
    "\n",
    "locations_csv = pd.read_csv('Proyecto_C_Caso2/locations.csv')\n",
    "\n",
    "locations = []\n",
    "for i in range(len(locations_csv)):\n",
    "    latitud = locations_csv['Latitude'][i]\n",
    "    longitud = locations_csv['Longitude'][i]\n",
    "    coord = (latitud, longitud)\n",
    "    locs_i=[]\n",
    "    j=0\n",
    "    while j<27:\n",
    "        latitud2 = locations_csv['Latitude'][j]\n",
    "        longitud2 = locations_csv['Longitude'][j]\n",
    "        coord2 = (latitud2, longitud2)\n",
    "\n",
    "        locs_i.append(geodesic(coord, coord2).meters)\n",
    "        j+=1\n",
    "    locations.append(locs_i)\n",
    "\n",
    "print (locations)\n",
    "\n",
    "distancias = []\n",
    "for i in range(len(locations_csv)):\n",
    "    latitud = locations_csv['Latitude'][i]\n",
    "    longitud = locations_csv['Longitude'][i]\n",
    "    coord = (latitud, longitud)\n",
    "    locs_i=[]\n",
    "    j=0\n",
    "    while j< len(locations_csv):\n",
    "        latitud2 = locations_csv['Latitude'][j]\n",
    "        longitud2 = locations_csv['Longitude'][j]\n",
    "        coord2 = (latitud2, longitud2)\n",
    "\n",
    "        locs_i.append(geodesic(coord, coord2).kilometers)\n",
    "    \n",
    "        j+=1\n",
    "    # df_locs_i = pd.DataFrame([locs_i])\n",
    "    # df_locs_i.to_csv('Proyecto_C_Caso2/distancias.csv', mode='a', header=False, index=False)\n",
    "    distancias.append(locs_i)\n",
    "\n",
    "print (distancias)\n"
   ]
  },
  {
   "cell_type": "markdown",
   "id": "4d5986c7",
   "metadata": {},
   "source": [
    "# Formulación matemática del Caso 2: CVRP con Estaciones de Recarga\n",
    "\n",
    "## 1. Formulación del Modelo\n",
    "\n",
    "Este modelo extiende el problema básico de ruteo con vehículos (CVRP) incluyendo la posibilidad de recarga de combustible en estaciones con diferentes precios. El objetivo sigue siendo minimizar la distancia total recorrida, pero ahora considerando también el costo asociado a las recargas.\n",
    "\n",
    "### 1.1. Conjuntos\n",
    "\n",
    "* $L = {1, ..., n}$: Conjunto de localidades (puerto, destinos y estaciones).\n",
    "* $D = {2, ..., d}$: Conjunto de destinos/clientes. Es un subconjunto de L.\n",
    "* $V = {1, ..., m}$: Conjunto de vehículos disponibles.\n",
    "* $E = {d+2, ..., n}$: Conjunto de estaciones de servicio. Es un subconjunto de L.\n",
    "\n",
    "### 1.2. Índices\n",
    "\n",
    "* $i, j \\in L$: Localidades de origen y destino.\n",
    "* $k \\in V$: Vehículo.\n",
    "\n",
    "### 1.3. Parámetros\n",
    "\n",
    "* $distancias_{ij}$: Distancia entre localidades $i$ y $j$.\n",
    "* $D\\_demanda\\_i$: Demanda del cliente $i \\in D$.\n",
    "* $V\\_capacidad\\_k$: Capacidad máxima de carga del vehículo $k$.\n",
    "* $V\\_autonomia\\_k$: Autonomía máxima del vehículo $k$.\n",
    "* $E\\_costo\\_i$: Costo del combustible en la estación $i \\in E$.\n",
    "* $c_{km}$: Costo fijo por kilómetro (tarifa flete + mantenimiento).\n",
    "* $\\alpha$: Consumo de combustible por kilómetro (km/L).\n",
    "\n",
    "### 1.4. Variables de decisión\n",
    "\n",
    "* $x\\_{ijk} \\in {0,1}$: 1 si el vehículo $k$ viaja de $i$ a $j$.\n",
    "* $u\\_{ik} \\in \\mathbb{Z}$: Orden de visita de $i$ por el vehículo $k$ (eliminación de subtours).\n",
    "* $combustible\\_{ik} \\geq 0$: Combustible disponible del vehículo $k$ al llegar a $i$.\n",
    "* $recarga\\_{ik} \\geq 0$: Cantidad de combustible recargado por el vehículo $k$ en $i \\in E$.\n",
    "\n",
    "---\n",
    "\n",
    "## 2. Función Objetivo\n",
    "\n",
    "Minimizar la suma de la distancia total recorrida y el costo total de combustible:\n",
    "\n",
    "$$\n",
    "\\min \\sum_{k \\in V} \\sum_{i \\in L} \\sum_{j \\in L, j \\ne i} distancias_{ij} \\cdot x_{ijk} + \\sum_{k \\in V} \\sum_{i \\in E} E\\_costo_i \\cdot recarga_{ik}\n",
    "$$\n",
    "\n",
    "---\n",
    "\n",
    "## 3. Restricciones\n",
    "\n",
    "### (0) Prohibir viajes del puerto a sí mismo:\n",
    "\n",
    "$$\n",
    "x_{11k} = 0 \\quad \\forall k \\in V\n",
    "$$\n",
    "\n",
    "### (1) Cada cliente debe ser visitado exactamente una vez:\n",
    "\n",
    "$$\n",
    "\\sum_{k \\in V} \\sum_{i \\in L, i \\ne j} x_{ijk} = 1 \\quad \\forall j \\in D\n",
    "$$\n",
    "\n",
    "### (2) Cada vehículo debe salir una sola vez del puerto:\n",
    "\n",
    "$$\n",
    "\\sum_{j \\in L, j \\ne 1} x_{1jk} = 1 \\quad \\forall k \\in V\n",
    "$$\n",
    "\n",
    "### (3) Cada vehículo debe regresar una vez al puerto:\n",
    "\n",
    "$$\n",
    "\\sum_{i \\in L, i \\ne 1} x_{i1k} = 1 \\quad \\forall k \\in V\n",
    "$$\n",
    "\n",
    "### (4) Conservación de flujo:\n",
    "\n",
    "$$\n",
    "\\sum_{i \\in L, i \\ne h} x_{ihk} = \\sum_{j \\in L, j \\ne h} x_{hjk} \\quad \\forall h \\in D, \\forall k \\in V\n",
    "$$\n",
    "\n",
    "### (5) Eliminación de subtours (MTZ):\n",
    "\n",
    "$$\n",
    "u_{ik} - u_{jk} + n \\cdot x_{ijk} \\leq n - 1 \\quad \\forall i \\ne j \\in D, \\forall k \\in V\n",
    "$$\n",
    "\n",
    "### (6) Capacidad de carga:\n",
    "\n",
    "$$\n",
    "\\sum_{i \\in D} D\\_demanda_i \\cdot \\sum_{j \\in L, j \\ne i} x_{ijk} \\leq V\\_capacidad_k \\quad \\forall k \\in V\n",
    "$$\n",
    "\n",
    "### (7) Límite de autonomía por distancia total:\n",
    "\n",
    "$$\n",
    "\\sum_{i,j \\in L, i \\ne j} distancias_{ij} \\cdot x_{ijk} \\leq V\\_autonomia_k \\quad \\forall k \\in V\n",
    "$$\n",
    "\n",
    "### (8) Dinámica del combustible:\n",
    "\n",
    "$$\n",
    "combustible_{jk} \\geq combustible_{ik} - \\alpha \\cdot distancias_{ij} \\cdot x_{ijk} + recarga_{ik} \\quad \\forall i,j \\in L, i \\ne j, \\forall k \\in V\n",
    "$$\n",
    "\n",
    "### (9) Solo se recarga si se visita la estación:\n",
    "\n",
    "$$\n",
    "recarga_{ik} \\leq V\\_autonomia_k \\cdot \\sum_{j \\in L, j \\ne i} x_{ijk} \\quad \\forall i \\in E, \\forall k \\in V\n",
    "$$\n",
    "\n",
    "### (10) El nivel de combustible no puede superar el tanque:\n",
    "\n",
    "$$\n",
    "combustible_{ik} + recarga_{ik} \\leq V\\_autonomia_k \\quad \\forall i \\in E, \\forall k \\in V\n",
    "$$\n",
    "\n",
    "---\n",
    "\n",
    "Este modelo permite no solo encontrar rutas óptimas, sino también decidir cuándo y cuánto recargar, considerando los precios de cada estación.\n"
   ]
  },
  {
   "cell_type": "code",
   "execution_count": 3,
   "id": "c915534b",
   "metadata": {},
   "outputs": [
    {
     "name": "stdout",
     "output_type": "stream",
     "text": [
      "{16: 13500.0, 17: 14000.0, 18: 13800.0, 19: 15200.0, 20: 14800.0, 21: 15500.0, 22: 16000.0, 23: 16500.0, 24: 16200.0, 25: 15800.0, 26: 15300.0, 27: 14900.0} costo de recarga\n",
      "GLPSOL--GLPK LP/MIP Solver 5.0\n",
      "Parameter(s) specified in the command line:\n",
      " --tmlim 60 --write C:\\Users\\GABRIE~1\\AppData\\Local\\Temp\\tmpc1mp304w.glpk.raw\n",
      " --wglp C:\\Users\\GABRIE~1\\AppData\\Local\\Temp\\tmpc1rg711_.glpk.glp --cpxlp\n",
      " C:\\Users\\GABRIE~1\\AppData\\Local\\Temp\\tmp13f8kumm.pyomo.lp\n",
      "Reading problem data from 'C:\\Users\\GABRIE~1\\AppData\\Local\\Temp\\tmp13f8kumm.pyomo.lp'...\n",
      "C:\\Users\\GABRIE~1\\AppData\\Local\\Temp\\tmp13f8kumm.pyomo.lp:48706: warning: lower bound of variable 'x6' redefined\n",
      "C:\\Users\\GABRIE~1\\AppData\\Local\\Temp\\tmp13f8kumm.pyomo.lp:48706: warning: upper bound of variable 'x6' redefined\n",
      "4645 rows, 3771 columns, 27351 non-zeros\n",
      "3580 integer variables, 3510 of which are binary\n",
      "52216 lines were read\n",
      "Writing problem data to 'C:\\Users\\GABRIE~1\\AppData\\Local\\Temp\\tmpc1rg711_.glpk.glp'...\n",
      "44176 lines were written\n",
      "GLPK Integer Optimizer 5.0\n",
      "4645 rows, 3771 columns, 27351 non-zeros\n",
      "3580 integer variables, 3510 of which are binary\n",
      "Preprocessing...\n",
      "2458 constraint coefficient(s) were reduced\n",
      "4638 rows, 3754 columns, 27254 non-zeros\n",
      "3564 integer variables, 3494 of which are binary\n",
      "Scaling...\n",
      " A: min|aij| =  1.126e-03  max|aij| =  9.257e+02  ratio =  8.218e+05\n",
      "GM: min|aij| =  4.187e-02  max|aij| =  2.388e+01  ratio =  5.703e+02\n",
      "EQ: min|aij| =  1.765e-03  max|aij| =  1.000e+00  ratio =  5.666e+02\n",
      "2N: min|aij| =  9.766e-04  max|aij| =  1.739e+00  ratio =  1.781e+03\n",
      "Constructing initial basis...\n",
      "Size of triangular part is 4638\n",
      "Solving LP relaxation...\n",
      "GLPK Simplex Optimizer 5.0\n",
      "4638 rows, 3754 columns, 27254 non-zeros\n",
      "      0: obj =   1.066901136e+04 inf =   6.702e+04 (1738)\n",
      "Perturbing LP to avoid stalling [630]...\n",
      "   2396: obj =   6.500002491e+03 inf =   2.375e-05 (0) 22\n",
      "Removing LP perturbation [14339]...\n",
      "* 14339: obj =   9.525402633e+02 inf =   1.789e-08 (0) 115\n",
      "OPTIMAL LP SOLUTION FOUND\n",
      "Integer optimization begins...\n",
      "Long-step dual simplex will be used\n",
      "+ 14339: mip =     not found yet >=              -inf        (1; 0)\n",
      "+ 14889: >>>>>   1.036592936e+03 >=   9.525402633e+02   8.1% (29; 0)\n",
      "+ 24152: >>>>>   1.036488047e+03 >=   9.525402633e+02   8.1% (234; 47)\n",
      "+ 35841: mip =   1.036488047e+03 >=   9.525402633e+02   8.1% (511; 141)\n",
      "+ 45655: >>>>>   1.021425648e+03 >=   9.525402633e+02   6.7% (706; 186)\n",
      "+ 50270: >>>>>   1.009168777e+03 >=   9.525402633e+02   5.6% (749; 305)\n",
      "+ 63900: mip =   1.009168777e+03 >=   9.525402633e+02   5.6% (953; 500)\n",
      "+ 72405: mip =   1.009168777e+03 >=   9.525402633e+02   5.6% (1085; 546)\n",
      "+ 79994: mip =   1.009168777e+03 >=   9.525402633e+02   5.6% (1243; 587)\n",
      "+ 91437: mip =   1.009168777e+03 >=   9.525421896e+02   5.6% (1470; 655)\n",
      "+102634: >>>>>   1.009147775e+03 >=   9.525612654e+02   5.6% (1664; 738)\n",
      "+116378: mip =   1.009147775e+03 >=   9.525612654e+02   5.6% (1917; 838)\n",
      "+130192: mip =   1.009147775e+03 >=   9.525612654e+02   5.6% (2188; 934)\n",
      "+143844: mip =   1.009147775e+03 >=   9.525612654e+02   5.6% (2481; 1017)\n",
      "+157626: mip =   1.009147775e+03 >=   9.525822675e+02   5.6% (2706; 1129)\n",
      "+161819: mip =   1.009147775e+03 >=   9.526206427e+02   5.6% (2751; 1166)\n",
      "TIME LIMIT EXCEEDED; SEARCH TERMINATED\n",
      "Time used:   63.3 secs\n",
      "Memory used: 25.2 Mb (26416118 bytes)\n",
